H =

     1     0     1     1     1     0     0
     1     1     0     1     0     1     0
     0     1     1     1     0     0     1


G =

     1     0     0     0     1     1     0
     0     1     0     0     0     1     1
     0     0     1     0     1     0     1
     0     0     0     1     1     1     1


no =

    16


d =

     0     0     0     0
     0     0     0     1
     0     0     1     0
     0     0     1     1
     0     1     0     0
     0     1     0     1
     0     1     1     0
     0     1     1     1
     1     0     0     0
     1     0     0     1
     1     0     1     0
     1     0     1     1
     1     1     0     0
     1     1     0     1
     1     1     1     0
     1     1     1     1


c =

     0     0     0     0     0     0     0
     0     0     0     1     1     1     1
     0     0     1     0     1     0     1
     0     0     1     1     0     1     0
     0     1     0     0     0     1     1
     0     1     0     1     1     0     0
     0     1     1     0     1     1     0
     0     1     1     1     0     0     1
     1     0     0     0     1     1     0
     1     0     0     1     0     0     1
     1     0     1     0     0     1     1
     1     0     1     1     1     0     0
     1     1     0     0     1     0     1
     1     1     0     1     0     1     0
     1     1     1     0     0     0     0
     1     1     1     1     1     1     1


r =

     0     0     0     1     0     0     0


p =

     1     1     0
     0     1     1
     1     0     1
     1     1     1


ht =

     1     1     0
     0     1     1
     1     0     1
     1     1     1
     1     0     0
     0     1     0
     0     0     1


s =

     1     1     1

The Error is in bit:
     4

The Corrected Codeword is :
     0     0     0     0     0     0     0
